              precision    recall  f1-score   support

           0       1.00      0.98      0.99    299580
           1       0.49      0.99      0.65       238
           2       0.91      1.00      0.95      1451
           3       0.99      1.00      1.00     25426
           4       0.97      0.99      0.98     37126
           5       0.71      0.71      0.71         7
           6       0.41      0.99      0.58       297
           7       0.11      0.98      0.20       398

    accuracy                           0.98    364523
   macro avg       0.70      0.96      0.76    364523
weighted avg       0.99      0.98      0.99    364523
